20430
20484
20531
29457
29620
29625
29755
39281
39376
39410
39439
39441
49903
50076
50118
50156
50157
50252
59669
59740
59822
59851
59905
59968
59969
60056
60088
60476
69463
69468
69471
69491
69494
69507
69515
69518
69535
69538
69539
69540
69579
69584
79285
79287
79291
79293
79299
79313
79331
79335
79346
79350
79352
79353
79362
79363
79368
79370
79371
79377
79378
79383
79387
79389
79393
79395
79407
79418
79419
79420
79431
79432
79433
79434
79435
79440
79460
79475
79484
79488
79492
79502
79509
79532
79542
79549
79552
79556
79559
79562
79565
79569
79583
79587
79590
79592
79595
79602
79616
79622
79631
79645
79651
79654
79656
79664
79677
79684
79688
79705
79706
79708
79722
79727
79733
79734
79735
79741
79768
79777
89092
89095
89104
89109
89113
89117
89122
89124
89128
89133
89136
89138
89144
89145
89148
89150
89155
89182
89193
89201
89206
89224
89234
89236
89238
89239
89243
89251
89274
89287
89288
89307
89309
89311
89313
89314
89315
89321
92147
98924
98925
98932
98933
98934
98956
98970
98976
98992
98997
98998
99002
99006
99021
99024
99046
99058
108722
108727
108729
108744
108745
108749
108750
108751
108754
108755
108756
108757
108760
108761
108765
108766
108772
108774
108776
108778
108786
108788
108789
108797
108798
108800
108801
108802
108804
108807
108809
108810
108815
108816
108817
108820
108836
108837
108840
108844
108863
108878
108879
108880
108886
108896
108904
108922
108927
108930
108931
108938
108944
108945
108961
108962
108968
108969
108970
108976
108979
108985
108987
108989
108997
109002
109003
109008
109013
109015
109023
109025
109026
109029
109034
109035
109036
109037
109046
109048
109049
109050
109051
109052
109056
109059
109062
109069
109074
109076
109077
109079
109084
109085
109087
109097
109098
109101
109115
109123
109126
109131
109142
109149
109150
109153
109164
109170
109173
109174
109179
109184
109188
109194
109198
109201
109207
109208
109214
109218
109223
109224
109229
109230
109236
109240
109243
109244
109252
109263
109266
109277
109278
109287
109289
109297
109312
109321
109324
109330
109332
109333
109349
109351
109367
109378
109382
109386
109387
109388
109396
109398
109413
109416
109420
109429
109434
109435
109436
109439
109442
109450
109451
109453
109456
109458
109465
109472
109473
109477
110235
118537
118539
118541
118543
118559
118564
118565
118571
118572
118575
118577
118581
118600
118601
118603
118606
118614
118624
118640
118642
118649
118657
118661
118662
118665
118667
118671
118676
118692
118697
118701
118702
118705
118710
118712
118714
118717
118724
118725
118726
118727
118734
118736
118741
118751
118755
118758
118760
118761
118763
118769
118777
118779
118802
118803
118812
118814
118829
118834
118840
118844
118845
118847
118851
118854
118857
118860
118862
118876
118887
118888
118889
118890
118895
118898
118919
118924
118933
118937
118938
118941
118945
118952
118953
118955
118959
118966
118967
118971
118972
118976
118985
119013
119014
119020
119024
119026
119042
119043
119046
119050
119054
128353
128354
128355
128375
128384
128385
128391
128409
128425
128460
128496
128510
128521
138169
138174
138185
138190
138192
138193
138202
138203
138206
138207
138215
138218
138227
138229
138237
138255
138256
138266
138267
138271
138273
138275
138281
138288
138298
138300
138309
138316
138326
138327
138329
138342
138360
138369
138371
138373
138376
138384
138392
138398
138410
138413
138416
138420
138422
138424
138426
138440
138446
138454
138456
138460
138466
138470
138471
138473
138476
138488
138495
138496
138512
138523
138542
138545
138550
138551
138554
138579
138580
138589
138608
138613
138614
138616
138624
138636
138650
138655
138657
138666
140432
147990
147997
147998
148009
148012
148038
148039
148047
148052
148054
148056
148058
148069
148073
148074
148107
148117
148121
148131
148133
148136
148158
148161
148162
148168
148170
148173
148174
148180
148222
148228
148235
149496
149499
157800
157802
157834
157836
157837
157887
157907
157914
157924
157929
159308
167630
167639
167641
167645
167646
167649
167650
167674
167685
167690
167691
167693
167698
167703
167704
167717
167718
167719
167733
167734
167736
167743
167750
167758
167771
167783
167787
167795
167796
167803
167806
167834
167836
167855
167859
167876
167887
167906
167942
167960
167973
167974
169130
177429
177450
177460
177468
177473
177485
177494
177495
177512
177514
177516
177518
177528
177545
177557
177577
177579
177581
177583
177598
177617
177641
177649
177656
177657
177667
181211
187249
187264
187265
187272
187275
187290
187326
187352
187357
187359
187383
187386
187413
187418
187420
187422
187429
187432
187450
187465
187583
187596
187600
187609
187624
187626
191773
197060
197061
197067
197073
197077
197084
197086
197094
197097
197100
197118
197119
197128
197130
197145
197174
197187
197194
197199
197208
197220
197222
197223
197227
197272
197273
197283
197287
197302
197317
197323
197337
197349
197359
197360
197362
197365
197372
197401
197405
197408
197427
197452
197453
197478
197519
197551
197552
197556
197564
197580
197583
197585
200097
200098
203115
206884
206886
206890
206928
206960
206989
206991
207017
207018
207045
207058
207061
207077
207078
207100
207179
207257
207286
207304
207336
207362
207376
207385
207395
207419
207421
207443
207500
207501
207527
207549
207629
209141
216700
216709
216712
216713
216722
216724
216730
216731
216734
216741
216748
216750
216753
216790
216792
216793
216797
216800
216811
216833
216846
216859
216869
216882
216883
216899
216904
216907
216927
216937
216939
216943
216945
216958
216962
216970
216979
216989
216992
217004
217013
217016
217021
217025
217027
217044
217045
217056
217057
217060
217061
226544
226545
226564
226577
226603
226617
226630
226646
226695
226748
226770
226800
236321
236334
236352
236377
236385
236401
236405
236411
236431
236434
236442
236450
236451
236454
236455
236458
236498
236512
236517
236525
236531
236533
236536
236538
236543
236544
236549
236558
236578
236579
236596
236610
236624
236627
236635
236637
236648
236651
236657
236667
236682
236692
236694
236698
236715
236722
237833
241606
246147
246155
246173
246183
246191
246192
246199
246220
246224
246232
246236
246238
246279
246309
246321
246323
246344
246345
246347
246348
246349
246375
246382
246383
246384
246409
246428
246431
246436
246452
246471
246477
246497
246506
246510
246518
246520
246523
246539
246578
246580
246583
246588
246629
246659
246662
246688
246894
247646
247651
249960
249996
250008
250017
250043
255947
255948
255955
255973
255975
255980
255982
255983
256005
256010
256036
256058
256092
256129
256151
256173
256177
256185
256202
256226
256230
256231
256234
256275
256297
256298
256323
256354
256386
256389
256397
256422
256434
256442
256443
256485
265801
265819
265834
265840
265849
265855
265939
266021
266043
266092
270340
275599
275666
275696
275724
275732
275734
275736
275744
277847
285491
285512
285521
285540
295216
295221
295228
295240
295253
295276
295279
295280
295310
295319
295327
295329
295331
295334
295345
295346
295363
295374
296720
297478
305024
305032
305039
305040
305062
305063
305064
305068
305082
305090
305095
305109
305126
305137
305138
305142
305147
305151
305153
305164
305165
305166
305168
305171
307288
310307
310310
310312
310313
310316
310321
310322
310323
310326
310327
314843
314854
314858
314878
314881
314883
314897
314899
314902
314912
314920
314921
314933
314940
314968
315034
315050
315053
315055
315063
315065
315071
315097
315132
315152
315173
315174
315176
315181
315192
315207
315209
315211
315220
315221
315222
315223
315225
315230
315231
315235
315248
315267
315271
318619
318620
320122
320123
320124
320125
320126
320127
320128
320129
320130
320131
320132
324653
324659
324665
324669
324673
324684
324694
324700
324710
324774
324803
324808
324815
324816
324817
324820
324825
324826
324831
324832
324835
324837
324839
324847
324850
327673
327676
327677
327678
327679
327680
327681
327682
327683
327684
327685
327686
327687
327688
327689
327690
334485
334501
334513
334536
334569
334570
334574
334576
334587
334599
334636
334641
334662
334668
336732
336734
336735
336736
336737
336739
336740
336743
336744
336745
336746
344282
344362
344372
344374
344377
344398
344400
344439
344446
344448
344459
344513
344516
344519
344520
344524
344526
344556
344560
354115
354130
363928
363942
365422
373736
373742
373750
373757
373776
373778
373780
373785
373796
373824
373879
373909
383546
383562
383579
383580
383600
383602
383620
383624
383636
383640
383661
383664
383666
383681
383694
383704
383711
383739
383741
383760
383804
383813
393357
393360
393369
393374
393379
393383
393387
393392
393396
393397
393421
393427
393437
393444
393450
393459
393495
403180
403181
403185
403192
403206
403212
403234
403235
403254
403260
403261
403285
403291
403292
412998
413003
413012
413013
413014
413022
413023
413030
413037
413039
413065
413074
413077
413084
413087
413096
413097
413099
413112
413114
413118
413124
413125
413140
413158
413170
413213
413216
413225
413231
413233
413242
413245
413247
413248
413261
413264
413266
413272
413287
413288
413298
413312
413316
413332
413365
413377
413381
413386
413393
414498
414499
414500
414508
416863
422804
422805
422812
422814
422817
422818
422826
422831
422834
422841
422844
422846
422848
422860
422868
422882
422889
422904
422917
422930
422936
422952
422955
422960
422963
422973
423006
423008
423011
423012
423013
423015
423019
423030
423036
423055
423056
423064
423069
423083
423093
423100
423108
423125
423127
423129
423131
423132
425825
426584
432617
432618
432623
432626
432631
432652
432676
432705
432716
432723
432738
432739
432749
432751
432754
432760
432763
432773
432776
432808
432811
432815
432839
432863
432886
432918
432927
432939
432940
432960
432981
432986
432992
433002
433006
433025
433026
433036
433041
433061
433073
433082
433105
433107
433112
433120
433124
433128
433132
433133
433139
433146
433147
433150
433162
433165
433176
433189
433202
442439
442451
442456
442471
442490
442493
442507
442509
442515
442525
442543
442545
442550
442566
442567
442570
442572
442599
442603
442615
442628
442629
442632
442640
442642
442656
442691
442720
442733
442735
442744
442754
442758
442785
442790
442796
442797
442804
442834
442839
442847
442851
442855
443958
452255
452261
452281
452317
452333
452352
452369
452377
452416
452435
452438
452439
452449
452454
452457
452488
456108
462062
462067
462068
462069
462073
462077
462081
462082
462097
462106
462109
462111
462114
462120
462123
462126
462130
462132
462135
462151
462154
462176
462179
462203
462204
462214
462225
462228
462234
462237
462240
462258
462263
462269
462281
462283
462290
462304
462307
462317
462354
462358
462365
462373
462381
462386
462388
462406
462416
462423
462424
462432
462457
462459
462466
462470
462481
462487
462498
462506
462511
462513
462518
462520
462527
462532
465881
465884
471909
471979
472048
472053
472079
472085
481728
481741
481777
481782
481783
481784
481808
481818
481841
481857
481861
481896
481900
481939
481986
481987
482019
482027
491507
491510
491512
491524
491530
491546
491572
491573
491581
491585
491586
491588
491592
491597
491611
491634
491636
491647
491661
491668
491678
491687
491722
491730
491731
491741
501323
501325
501337
501347
501355
501358
501371
501384
501403
501410
501420
501428
501438
501450
501452
501473
501482
501489
501507
501523
501525
501557
501560
501569
501574
501596
501609
501625
501634
501641
501646
501649
501661
501668
502836
505097
511151
511163
511185
511188
511194
511199
511218
511220
511240
511253
511267
511268
511285
511333
511337
511344
511361
511380
511384
511390
511406
511408
511413
511430
511431
511443
511459
511461
520962
520985
521034
521138
530771
530779
530794
530834
530843
530860
530878
530885
530907
530952
530963
530993
531010
531011
531013
531016
531025
531028
531034
531039
531042
531044
531061
531077
531104
531107
531109
540582
540595
540599
540602
540608
540613
540617
540621
540626
540628
540638
540667
540674
540677
540687
540691
540695
540699
540701
540715
540719
540723
540725
540730
540743
540755
540756
540771
540778
540783
540784
540789
540792
540793
540795
540801
540804
540819
540820
540829
540842
540844
540849
540886
540889
540891
540904
540905
540907
540914
540926
540941
540947
540961
540970
540986
540987
541020
541030
541034
541041
541042
541044
541062
541063
541076
541077
541078
541081
541085
541103
541113
541137
541138
541140
541146
541152
541154
550401
550403
550411
550417
550434
550435
550459
550461
550463
550476
550496
550498
550506
550512
550525
550530
550533
550535
550544
550569
550570
550575
550579
550582
550592
550595
550650
550657
550685
550691
550698
550699
550706
550714
550730
550734
550738
550744
550749
550767
550771
550787
550803
550812
550818
550819
550822
550823
550877
550892
550911
550913
550924
550956
551910
552679
570043
570051
570059
570067
570098
570124
570148
570228
570229
570268
570274
570286
570288
570289
570293
570306
570316
570361
570370
570396
570437
570444
570459
570467
570479
570482
570483
570495
570519
570535
570561
570567
570575
570591
570598
570640
570668
570685
570696
570723
570759
579842
579850
579852
579853
579854
579855
579859
579863
579864
579866
579867
579872
579873
579876
579879
579883
579884
579887
579889
579890
579894
579896
579906
579907
579916
579917
579924
579925
579932
579935
579938
579939
579940
579941
579944
579946
579958
579971
579972
579983
579996
580004
580008
580009
580012
580021
580030
580034
580037
580038
580041
580044
580046
580050
580051
580053
580062
580063
580075
580076
580077
580079
580080
580082
580084
580086
580090
580091
580092
580097
580100
580104
580107
580109
580112
580114
580115
580119
580120
580121
580125
582107
583621
589657
589676
589704
589729
589761
589763
589772
589796
589807
589815
589824
589836
589842
589897
589899
589906
589907
589908
589913
589949
589987
589989
590001
590017
590023
590066
590086
590089
590100
599479
599480
599485
599506
599513
599517
599533
599538
599539
599548
599550
599575
599576
599577
599578
599591
599600
599612
599634
599637
599641
599659
599664
599672
599698
599702
599707
599708
599710
599719
599728
599745
599747
599774
599778
599790
599799
599800
599809
599828
599832
599834
599839
599846
599855
599880
599887
599913
599947
599987
609291
609292
609293
609295
609305
609307
609314
609336
609344
609345
609362
609366
609370
609378
609382
609388
609391
609395
609397
609415
609420
609431
609433
609444
609447
609450
609451
609457
609460
609470
609473
609478
609484
609500
609503
609511
609528
609533
609535
609537
609538
609549
609554
609556
609558
609561
609564
614797
614866
619102
619103
619104
619106
619116
619117
619118
619123
619124
619125
619126
619130
619136
619143
619145
619147
619149
619150
619151
619153
619154
619156
619164
619166
619174
619177
619179
619181
619187
619191
619192
619193
619194
619195
619198
619203
619204
619205
619206
619212
619216
619218
619221
619228
619230
619231
619235
619236
619244
619249
619251
619252
619253
619255
619256
619257
619262
619263
619267
619277
619285
619288
628923
628925
628926
628928
628929
628930
628934
628935
628940
628944
628954
628955
628959
628963
628974
628982
629008
629013
629028
629031
629034
629043
629055
629061
629065
629075
629076
629079
629082
629088
629092
629106
638733
638736
638741
638742
638743
638745
638751
638752
638755
638758
638760
638761
638763
638764
638767
638772
638776
638778
638779
638785
638791
638792
638796
638802
638811
638812
638813
638814
638817
638820
638831
638832
638834
638842
638853
638860
638861
638862
638871
638873
638874
638882
638885
638886
638890
638891
638892
638898
638900
638904
638908
638913
638914
638929
638931
638933
638934
638935
638936
638939
638940
638947
638948
638958
638960
638963
638964
638969
638973
638980
638983
638984
638991
638997
639005
639008
639010
639013
639015
639016
639017
639022
639024
639027
639028
639039
639040
639042
639045
639046
639048
639051
639052
639058
639061
639065
639066
639067
639070
639072
639073
639078
639087
639092
639094
639097
639098
639099
639100
639101
639102
639103
639104
639105
639108
639110
639118
639126
639131
639133
639137
639138
639139
639144
639147
639148
639149
639151
639152
639155
639156
639158
639159
639160
639168
639497
640250
648548
648549
648557
648560
648567
648569
648571
648582
648596
648597
648612
648614
648615
648620
648623
648625
648627
648628
648635
648643
648648
648663
648665
648671
648676
648679
648689
648690
648691
648693
648695
648699
648701
648702
648704
648705
648712
648717
648719
648720
648723
648725
648726
648730
648731
648732
648733
648736
648742
648758
648761
648771
648774
648780
648781
648783
648784
648786
648789
648795
648796
648801
658363
658366
658368
658369
658371
658378
658381
658405
658406
658418
658421
658427
658446
658450
658457
658458
658461
658465
658470
658475
658480
658481
658483
658490
658494
658506
658538
658539
658547
658552
658556
658568
658569
658576
658585
658601
658606
658610
658632
658636
659885
668177
668182
668189
668190
668195
668197
668198
668205
668206
668214
668216
668221
668226
668236
668237
668261
668262
668285
668290
668297
668306
668315
668318
668323
668325
668354
668372
668376
668380
668398
668400
677992
677993
677997
678002
678010
678025
678060
678077
678082
678119
678121
678142
678146
678147
678158
678159
678160
678172
678179
678185
678192
678201
678215
678224
678260
678266
678301
678307
678308
678324
678326
678328
678332
678336
678348
678360
678369
678374
678378
678387
678393
678431
678437
678439
682522
687831
687838
687839
687843
687854
687871
687887
687890
687891
687893
687894
687902
687916
687917
687925
687931
687938
687953
687966
687968
687981
687988
687996
688003
688007
688011
688015
688018
688022
688030
688039
697625
697626
697629
697639
697641
697642
697643
697648
697666
697685
697687
697700
697701
697704
697709
697711
697714
697719
697722
697728
697734
697737
697750
697760
697768
697769
707462
707468
707476
707504
707519
707534
707549
707551
707570
707579
707594
707596
707617
707624
707628
716520
716539
716609
716615
727078
727082
727088
727090
727094
727097
727101
727103
727104
727123
727124
727128
727138
727144
727147
727149
727152
727158
727169
727172
727197
727217
727225
727227
727231
727236
727238
727241
727243
727249
736896
736920
736932
736948
736952
736953
736958
736972
737025
737053
737089
737096
746715
746716
746796
746800
746801
746826
756512
756515
756518
756523
756528
756530
756540
756556
756561
756574
756593
756613
756635
766351
766392
766402
766411
776156
776168
776191
776235
785958
785965
785966
785974
786017
786020
786037
786044
786047
786050
786055
786059
786066
786123
786125
786129
795815
795816
795845
795860
795863
795868
814662
814675
814698
814707
825265
825273
825397
825398
826727
834296
844847
844848
844853
844858
844861
844864
844879
844886
844901
844902
844903
844915
844916
844927
844935
844944
844959
844968
844973
844974
844983
844984
844988
844989
844991
844992
844997
844999
845009
845012
845020
845035
845037
845041
845046
845049
845051
845055
845068
845070
845079
845097
845099
854687
854710
854715
854719
854721
854723
854724
854726
854745
857007
857018
857031
857032
857062
857095
857100
857105
857107
857161
857177
857188
857197
857246
857248
857275
857283
857297
857322
857325
857335
857336
857359
857382
863739
863745
863774
863775
863780
863795
863813
863818
863822
863824
863830
863835
863874
863907
863911
863918
874296
874298
874299
874316
874324
874341
874348
874353
874354
874361
874373
874442
874444
874492
874502
874545
874572
874573
874593
874621
874623
874662
874699
874730
874754
874763
874774
874806
875049
884109
884148
884193
884201
884905
893922
893928
893943
893976
893990
894019
894028
894084
894089
894132
894158
894179
894183
894184
894185
897862
902990
903021
903102
903104
903126
912798
912871
912872
912873
912903
912975
922617
922618
922627
922675
922685
922693
922695
922704
922706
922711
922714
922729
922740
942248
942276
942281
952059
952108
961873
961875
961886
961971
971695
971701
971739
971746
971748
971757
971866
971878
971894
971899
971910
2970016
3444300
3445460
17649950
58129442
59320269
103808101
104811110
108542249
122572946
122702818
127640903
136699833
142847211
155598151
165170193
197001409
200345143
202833933
208942158
208942846
214908564
264120821
266705016
271500627
272860363
298394661
303708957
307187361
321318358
324841375
324841376
324841377
324841378
324841379
326150788
336410435
344182764
344182765
345438602
354354474
356648400
357565832
370240026
380688207
384808486
389050484
409654967
417304347
427224440
432336962
433943630
440947682
455597764
459393126
464482219
471828778
487072545
492111677
502254148
509457605
513711610
529754545
544883102
556854756
558659669
562474733
568902179
584889481
596384814
599241518
599490805
600065939
607714945
619927065
629116433
638269272
642983159
650881089
653377582
657612457
658295679
674925422
695542935
698411340
703315102
721417202
728068766
728329644
755568222
787747618
790744210
799685245
803832320
842845453
851023495
861854258
865200669
866038915
894410373
897225060
908270988
914118846
914767313
918126100
925825061
927235843
931407499
935032928
943722594
945930915
963101022
963101209
964860496
967060276
967060284
967060286
967060311
969121823
978527351
982593692
987039111
989985175
